12 Threads
512 Interlines
2. Funktion
1400 Iterationen

Element
    Berechnungszeit:    109.216796 s 
    Speicherbedarf:     257.126236 MiB
    Berechnungsmethode: Jacobi
    Interlines:         512
    Stoerfunktion:      f(x,y) = 2pi^2*sin(pi*x)sin(pi*y)
    Terminierung:       Anzahl der Iterationen
    Anzahl Iterationen: 10
    Norm des Fehlers:   2.242833e-10

    Matrix:
    0.0000 0.0000 0.0000 0.0000 0.0000 0.0000 0.0000 0.0000 0.0000
    0.0000 0.0000 0.0000 0.0000 0.0000 0.0000 0.0000 0.0000 0.0000
    0.0000 0.0000 0.0000 0.0000 0.0000 0.0000 0.0000 0.0000 0.0000
    0.0000 0.0000 0.0000 0.0000 0.0000 0.0000 0.0000 0.0000 0.0000
    0.0000 0.0000 0.0000 0.0000 0.0000 0.0000 0.0000 0.0000 0.0000
    0.0000 0.0000 0.0000 0.0000 0.0000 0.0000 0.0000 0.0000 0.0000
    0.0000 0.0000 0.0000 0.0000 0.0000 0.0000 0.0000 0.0000 0.0000
    0.0000 0.0000 0.0000 0.0000 0.0000 0.0000 0.0000 0.0000 0.0000
    0.0000 0.0000 0.0000 0.0000 0.0000 0.0000 0.0000 0.0000 0.0000

Element, static, 1
    Berechnungszeit:    119.168228 s 
    Speicherbedarf:     257.126236 MiB
    Berechnungsmethode: Jacobi
    Interlines:         512
    Stoerfunktion:      f(x,y) = 2pi^2*sin(pi*x)sin(pi*y)
    Terminierung:       Anzahl der Iterationen
    Anzahl Iterationen: 10
    Norm des Fehlers:   2.242833e-10

    Matrix:
    0.0000 0.0000 0.0000 0.0000 0.0000 0.0000 0.0000 0.0000 0.0000
    0.0000 0.0000 0.0000 0.0000 0.0000 0.0000 0.0000 0.0000 0.0000
    0.0000 0.0000 0.0000 0.0000 0.0000 0.0000 0.0000 0.0000 0.0000
    0.0000 0.0000 0.0000 0.0000 0.0000 0.0000 0.0000 0.0000 0.0000
    0.0000 0.0000 0.0000 0.0000 0.0000 0.0000 0.0000 0.0000 0.0000
    0.0000 0.0000 0.0000 0.0000 0.0000 0.0000 0.0000 0.0000 0.0000
    0.0000 0.0000 0.0000 0.0000 0.0000 0.0000 0.0000 0.0000 0.0000
    0.0000 0.0000 0.0000 0.0000 0.0000 0.0000 0.0000 0.0000 0.0000
    0.0000 0.0000 0.0000 0.0000 0.0000 0.0000 0.0000 0.0000 0.0000

Element, static, 2
    Berechnungszeit:    106.999247 s 
    Speicherbedarf:     257.126236 MiB
    Berechnungsmethode: Jacobi
    Interlines:         512
    Stoerfunktion:      f(x,y) = 2pi^2*sin(pi*x)sin(pi*y)
    Terminierung:       Anzahl der Iterationen
    Anzahl Iterationen: 10
    Norm des Fehlers:   2.242833e-10

    Matrix:
    0.0000 0.0000 0.0000 0.0000 0.0000 0.0000 0.0000 0.0000 0.0000
    0.0000 0.0000 0.0000 0.0000 0.0000 0.0000 0.0000 0.0000 0.0000
    0.0000 0.0000 0.0000 0.0000 0.0000 0.0000 0.0000 0.0000 0.0000
    0.0000 0.0000 0.0000 0.0000 0.0000 0.0000 0.0000 0.0000 0.0000
    0.0000 0.0000 0.0000 0.0000 0.0000 0.0000 0.0000 0.0000 0.0000
    0.0000 0.0000 0.0000 0.0000 0.0000 0.0000 0.0000 0.0000 0.0000
    0.0000 0.0000 0.0000 0.0000 0.0000 0.0000 0.0000 0.0000 0.0000
    0.0000 0.0000 0.0000 0.0000 0.0000 0.0000 0.0000 0.0000 0.0000
    0.0000 0.0000 0.0000 0.0000 0.0000 0.0000 0.0000 0.0000 0.0000

Element, static, 4
    Berechnungszeit:    112.134933 s 
    Speicherbedarf:     257.126236 MiB
    Berechnungsmethode: Jacobi
    Interlines:         512
    Stoerfunktion:      f(x,y) = 2pi^2*sin(pi*x)sin(pi*y)
    Terminierung:       Anzahl der Iterationen
    Anzahl Iterationen: 10
    Norm des Fehlers:   2.242833e-10

    Matrix:
    0.0000 0.0000 0.0000 0.0000 0.0000 0.0000 0.0000 0.0000 0.0000
    0.0000 0.0000 0.0000 0.0000 0.0000 0.0000 0.0000 0.0000 0.0000
    0.0000 0.0000 0.0000 0.0000 0.0000 0.0000 0.0000 0.0000 0.0000
    0.0000 0.0000 0.0000 0.0000 0.0000 0.0000 0.0000 0.0000 0.0000
    0.0000 0.0000 0.0000 0.0000 0.0000 0.0000 0.0000 0.0000 0.0000
    0.0000 0.0000 0.0000 0.0000 0.0000 0.0000 0.0000 0.0000 0.0000
    0.0000 0.0000 0.0000 0.0000 0.0000 0.0000 0.0000 0.0000 0.0000
    0.0000 0.0000 0.0000 0.0000 0.0000 0.0000 0.0000 0.0000 0.0000
    0.0000 0.0000 0.0000 0.0000 0.0000 0.0000 0.0000 0.0000 0.0000

Element, static, 16
    Berechnungszeit:    108.829530 s 
    Speicherbedarf:     257.126236 MiB
    Berechnungsmethode: Jacobi
    Interlines:         512
    Stoerfunktion:      f(x,y) = 2pi^2*sin(pi*x)sin(pi*y)
    Terminierung:       Anzahl der Iterationen
    Anzahl Iterationen: 10
    Norm des Fehlers:   2.242833e-10

    Matrix:
    0.0000 0.0000 0.0000 0.0000 0.0000 0.0000 0.0000 0.0000 0.0000
    0.0000 0.0000 0.0000 0.0000 0.0000 0.0000 0.0000 0.0000 0.0000
    0.0000 0.0000 0.0000 0.0000 0.0000 0.0000 0.0000 0.0000 0.0000
    0.0000 0.0000 0.0000 0.0000 0.0000 0.0000 0.0000 0.0000 0.0000
    0.0000 0.0000 0.0000 0.0000 0.0000 0.0000 0.0000 0.0000 0.0000
    0.0000 0.0000 0.0000 0.0000 0.0000 0.0000 0.0000 0.0000 0.0000
    0.0000 0.0000 0.0000 0.0000 0.0000 0.0000 0.0000 0.0000 0.0000
    0.0000 0.0000 0.0000 0.0000 0.0000 0.0000 0.0000 0.0000 0.0000
    0.0000 0.0000 0.0000 0.0000 0.0000 0.0000 0.0000 0.0000 0.0000

Element, dynamic, 1
    Berechnungszeit:    103.958648 s 
    Speicherbedarf:     257.126236 MiB
    Berechnungsmethode: Jacobi
    Interlines:         512
    Stoerfunktion:      f(x,y) = 2pi^2*sin(pi*x)sin(pi*y)
    Terminierung:       Anzahl der Iterationen
    Anzahl Iterationen: 10
    Norm des Fehlers:   2.242833e-10

    Matrix:
    0.0000 0.0000 0.0000 0.0000 0.0000 0.0000 0.0000 0.0000 0.0000
    0.0000 0.0000 0.0000 0.0000 0.0000 0.0000 0.0000 0.0000 0.0000
    0.0000 0.0000 0.0000 0.0000 0.0000 0.0000 0.0000 0.0000 0.0000
    0.0000 0.0000 0.0000 0.0000 0.0000 0.0000 0.0000 0.0000 0.0000
    0.0000 0.0000 0.0000 0.0000 0.0000 0.0000 0.0000 0.0000 0.0000
    0.0000 0.0000 0.0000 0.0000 0.0000 0.0000 0.0000 0.0000 0.0000
    0.0000 0.0000 0.0000 0.0000 0.0000 0.0000 0.0000 0.0000 0.0000
    0.0000 0.0000 0.0000 0.0000 0.0000 0.0000 0.0000 0.0000 0.0000
    0.0000 0.0000 0.0000 0.0000 0.0000 0.0000 0.0000 0.0000 0.0000

Element, dynamic, 4
    Berechnungszeit:    104.577804 s 
    Speicherbedarf:     257.126236 MiB
    Berechnungsmethode: Jacobi
    Interlines:         512
    Stoerfunktion:      f(x,y) = 2pi^2*sin(pi*x)sin(pi*y)
    Terminierung:       Anzahl der Iterationen
    Anzahl Iterationen: 10
    Norm des Fehlers:   2.242833e-10

    Matrix:
    0.0000 0.0000 0.0000 0.0000 0.0000 0.0000 0.0000 0.0000 0.0000
    0.0000 0.0000 0.0000 0.0000 0.0000 0.0000 0.0000 0.0000 0.0000
    0.0000 0.0000 0.0000 0.0000 0.0000 0.0000 0.0000 0.0000 0.0000
    0.0000 0.0000 0.0000 0.0000 0.0000 0.0000 0.0000 0.0000 0.0000
    0.0000 0.0000 0.0000 0.0000 0.0000 0.0000 0.0000 0.0000 0.0000
    0.0000 0.0000 0.0000 0.0000 0.0000 0.0000 0.0000 0.0000 0.0000
    0.0000 0.0000 0.0000 0.0000 0.0000 0.0000 0.0000 0.0000 0.0000
    0.0000 0.0000 0.0000 0.0000 0.0000 0.0000 0.0000 0.0000 0.0000
    0.0000 0.0000 0.0000 0.0000 0.0000 0.0000 0.0000 0.0000 0.0000

Element, guided
    Berechnungszeit:    103.121636 s 
    Speicherbedarf:     257.126236 MiB
    Berechnungsmethode: Jacobi
    Interlines:         512
    Stoerfunktion:      f(x,y) = 2pi^2*sin(pi*x)sin(pi*y)
    Terminierung:       Anzahl der Iterationen
    Anzahl Iterationen: 10
    Norm des Fehlers:   2.242833e-10

    Matrix:
    0.0000 0.0000 0.0000 0.0000 0.0000 0.0000 0.0000 0.0000 0.0000
    0.0000 0.0000 0.0000 0.0000 0.0000 0.0000 0.0000 0.0000 0.0000
    0.0000 0.0000 0.0000 0.0000 0.0000 0.0000 0.0000 0.0000 0.0000
    0.0000 0.0000 0.0000 0.0000 0.0000 0.0000 0.0000 0.0000 0.0000
    0.0000 0.0000 0.0000 0.0000 0.0000 0.0000 0.0000 0.0000 0.0000
    0.0000 0.0000 0.0000 0.0000 0.0000 0.0000 0.0000 0.0000 0.0000
    0.0000 0.0000 0.0000 0.0000 0.0000 0.0000 0.0000 0.0000 0.0000
    0.0000 0.0000 0.0000 0.0000 0.0000 0.0000 0.0000 0.0000 0.0000
    0.0000 0.0000 0.0000 0.0000 0.0000 0.0000 0.0000 0.0000 0.0000

Spalte, static, 1
    Berechnungszeit:    114.024175 s 
    Speicherbedarf:     257.126236 MiB
    Berechnungsmethode: Jacobi
    Interlines:         512
    Stoerfunktion:      f(x,y) = 2pi^2*sin(pi*x)sin(pi*y)
    Terminierung:       Anzahl der Iterationen
    Anzahl Iterationen: 10
    Norm des Fehlers:   2.242833e-10

    Matrix:
    0.0000 0.0000 0.0000 0.0000 0.0000 0.0000 0.0000 0.0000 0.0000
    0.0000 0.0000 0.0000 0.0000 0.0000 0.0000 0.0000 0.0000 0.0000
    0.0000 0.0000 0.0000 0.0000 0.0000 0.0000 0.0000 0.0000 0.0000
    0.0000 0.0000 0.0000 0.0000 0.0000 0.0000 0.0000 0.0000 0.0000
    0.0000 0.0000 0.0000 0.0000 0.0000 0.0000 0.0000 0.0000 0.0000
    0.0000 0.0000 0.0000 0.0000 0.0000 0.0000 0.0000 0.0000 0.0000
    0.0000 0.0000 0.0000 0.0000 0.0000 0.0000 0.0000 0.0000 0.0000
    0.0000 0.0000 0.0000 0.0000 0.0000 0.0000 0.0000 0.0000 0.0000
    0.0000 0.0000 0.0000 0.0000 0.0000 0.0000 0.0000 0.0000 0.0000
    
Spalte, static, 2
    Berechnungszeit:    118.513555 s 
    Speicherbedarf:     257.126236 MiB
    Berechnungsmethode: Jacobi
    Interlines:         512
    Stoerfunktion:      f(x,y) = 2pi^2*sin(pi*x)sin(pi*y)
    Terminierung:       Anzahl der Iterationen
    Anzahl Iterationen: 10
    Norm des Fehlers:   2.242833e-10

    Matrix:
    0.0000 0.0000 0.0000 0.0000 0.0000 0.0000 0.0000 0.0000 0.0000
    0.0000 0.0000 0.0000 0.0000 0.0000 0.0000 0.0000 0.0000 0.0000
    0.0000 0.0000 0.0000 0.0000 0.0000 0.0000 0.0000 0.0000 0.0000
    0.0000 0.0000 0.0000 0.0000 0.0000 0.0000 0.0000 0.0000 0.0000
    0.0000 0.0000 0.0000 0.0000 0.0000 0.0000 0.0000 0.0000 0.0000
    0.0000 0.0000 0.0000 0.0000 0.0000 0.0000 0.0000 0.0000 0.0000
    0.0000 0.0000 0.0000 0.0000 0.0000 0.0000 0.0000 0.0000 0.0000
    0.0000 0.0000 0.0000 0.0000 0.0000 0.0000 0.0000 0.0000 0.0000
    0.0000 0.0000 0.0000 0.0000 0.0000 0.0000 0.0000 0.0000 0.0000

 Spalte, static, 4
    Berechnungszeit:    120.505354 s 
    Speicherbedarf:     257.126236 MiB
    Berechnungsmethode: Jacobi
    Interlines:         512
    Stoerfunktion:      f(x,y) = 2pi^2*sin(pi*x)sin(pi*y)
    Terminierung:       Anzahl der Iterationen
    Anzahl Iterationen: 10
    Norm des Fehlers:   2.242833e-10

    Matrix:
    0.0000 0.0000 0.0000 0.0000 0.0000 0.0000 0.0000 0.0000 0.0000
    0.0000 0.0000 0.0000 0.0000 0.0000 0.0000 0.0000 0.0000 0.0000
    0.0000 0.0000 0.0000 0.0000 0.0000 0.0000 0.0000 0.0000 0.0000
    0.0000 0.0000 0.0000 0.0000 0.0000 0.0000 0.0000 0.0000 0.0000
    0.0000 0.0000 0.0000 0.0000 0.0000 0.0000 0.0000 0.0000 0.0000
    0.0000 0.0000 0.0000 0.0000 0.0000 0.0000 0.0000 0.0000 0.0000
    0.0000 0.0000 0.0000 0.0000 0.0000 0.0000 0.0000 0.0000 0.0000
    0.0000 0.0000 0.0000 0.0000 0.0000 0.0000 0.0000 0.0000 0.0000
    0.0000 0.0000 0.0000 0.0000 0.0000 0.0000 0.0000 0.0000 0.0000

Spalte, static, 16
    Berechnungszeit:    114.065403 s 
    Speicherbedarf:     257.126236 MiB
    Berechnungsmethode: Jacobi
    Interlines:         512
    Stoerfunktion:      f(x,y) = 2pi^2*sin(pi*x)sin(pi*y)
    Terminierung:       Anzahl der Iterationen
    Anzahl Iterationen: 10
    Norm des Fehlers:   2.242833e-10

    Matrix:
    0.0000 0.0000 0.0000 0.0000 0.0000 0.0000 0.0000 0.0000 0.0000
    0.0000 0.0000 0.0000 0.0000 0.0000 0.0000 0.0000 0.0000 0.0000
    0.0000 0.0000 0.0000 0.0000 0.0000 0.0000 0.0000 0.0000 0.0000
    0.0000 0.0000 0.0000 0.0000 0.0000 0.0000 0.0000 0.0000 0.0000
    0.0000 0.0000 0.0000 0.0000 0.0000 0.0000 0.0000 0.0000 0.0000
    0.0000 0.0000 0.0000 0.0000 0.0000 0.0000 0.0000 0.0000 0.0000
    0.0000 0.0000 0.0000 0.0000 0.0000 0.0000 0.0000 0.0000 0.0000
    0.0000 0.0000 0.0000 0.0000 0.0000 0.0000 0.0000 0.0000 0.0000
    0.0000 0.0000 0.0000 0.0000 0.0000 0.0000 0.0000 0.0000 0.0000

Spalte, dynamic, 1
    Berechnungszeit:    115.328284 s 
    Speicherbedarf:     257.126236 MiB
    Berechnungsmethode: Jacobi
    Interlines:         512
    Stoerfunktion:      f(x,y) = 2pi^2*sin(pi*x)sin(pi*y)
    Terminierung:       Anzahl der Iterationen
    Anzahl Iterationen: 10
    Norm des Fehlers:   2.242833e-10

    Matrix:
    0.0000 0.0000 0.0000 0.0000 0.0000 0.0000 0.0000 0.0000 0.0000
    0.0000 0.0000 0.0000 0.0000 0.0000 0.0000 0.0000 0.0000 0.0000
    0.0000 0.0000 0.0000 0.0000 0.0000 0.0000 0.0000 0.0000 0.0000
    0.0000 0.0000 0.0000 0.0000 0.0000 0.0000 0.0000 0.0000 0.0000
    0.0000 0.0000 0.0000 0.0000 0.0000 0.0000 0.0000 0.0000 0.0000
    0.0000 0.0000 0.0000 0.0000 0.0000 0.0000 0.0000 0.0000 0.0000
    0.0000 0.0000 0.0000 0.0000 0.0000 0.0000 0.0000 0.0000 0.0000
    0.0000 0.0000 0.0000 0.0000 0.0000 0.0000 0.0000 0.0000 0.0000
    0.0000 0.0000 0.0000 0.0000 0.0000 0.0000 0.0000 0.0000 0.0000

Spalte, dynamic, 4
    Berechnungszeit:    115.145380 s 
    Speicherbedarf:     257.126236 MiB
    Berechnungsmethode: Jacobi
    Interlines:         512
    Stoerfunktion:      f(x,y) = 2pi^2*sin(pi*x)sin(pi*y)
    Terminierung:       Anzahl der Iterationen
    Anzahl Iterationen: 10
    Norm des Fehlers:   2.242833e-10

    Matrix:
    0.0000 0.0000 0.0000 0.0000 0.0000 0.0000 0.0000 0.0000 0.0000
    0.0000 0.0000 0.0000 0.0000 0.0000 0.0000 0.0000 0.0000 0.0000
    0.0000 0.0000 0.0000 0.0000 0.0000 0.0000 0.0000 0.0000 0.0000
    0.0000 0.0000 0.0000 0.0000 0.0000 0.0000 0.0000 0.0000 0.0000
    0.0000 0.0000 0.0000 0.0000 0.0000 0.0000 0.0000 0.0000 0.0000
    0.0000 0.0000 0.0000 0.0000 0.0000 0.0000 0.0000 0.0000 0.0000
    0.0000 0.0000 0.0000 0.0000 0.0000 0.0000 0.0000 0.0000 0.0000
    0.0000 0.0000 0.0000 0.0000 0.0000 0.0000 0.0000 0.0000 0.0000
    0.0000 0.0000 0.0000 0.0000 0.0000 0.0000 0.0000 0.0000 0.0000

guided
    Berechnungszeit:    106.633639 s 
    Speicherbedarf:     257.126236 MiB
    Berechnungsmethode: Jacobi
    Interlines:         512
    Stoerfunktion:      f(x,y) = 2pi^2*sin(pi*x)sin(pi*y)
    Terminierung:       Anzahl der Iterationen
    Anzahl Iterationen: 10
    Norm des Fehlers:   2.242833e-10

    Matrix:
    0.0000 0.0000 0.0000 0.0000 0.0000 0.0000 0.0000 0.0000 0.0000
    0.0000 0.0000 0.0000 0.0000 0.0000 0.0000 0.0000 0.0000 0.0000
    0.0000 0.0000 0.0000 0.0000 0.0000 0.0000 0.0000 0.0000 0.0000
    0.0000 0.0000 0.0000 0.0000 0.0000 0.0000 0.0000 0.0000 0.0000
    0.0000 0.0000 0.0000 0.0000 0.0000 0.0000 0.0000 0.0000 0.0000
    0.0000 0.0000 0.0000 0.0000 0.0000 0.0000 0.0000 0.0000 0.0000
    0.0000 0.0000 0.0000 0.0000 0.0000 0.0000 0.0000 0.0000 0.0000
    0.0000 0.0000 0.0000 0.0000 0.0000 0.0000 0.0000 0.0000 0.0000
    0.0000 0.0000 0.0000 0.0000 0.0000 0.0000 0.0000 0.0000 0.0000